[Documentation]
information1 = This file stores the OID assignments for resources defined in this IG.
information2 = It must be added to git and committed when resources are added or their id is changed
information3 = You should not generally need to edit this file, but if you do:
information4 = (a) you can change the id of a resource (left side) if you change it's actual id in your source, to maintain OID consistency
information5 = (b) you can change the oid of the resource to an OID you assign manually. If you really know what you're doing with OIDs
information6 = There is never a reason to edit anything else

[Key]
ValueSet = 11
StructureDefinition = 12

[ValueSet]
holter-event-codes = 2.16.840.1.113883.4.642.40.54.48.1
holter-component-codes = 2.16.840.1.113883.4.642.40.54.48.2
holter-event-component-codes = 2.16.840.1.113883.4.642.40.54.48.3
holter-report-code = 2.16.840.1.113883.4.642.40.54.48.4
heart-failure-symptoms = 2.16.840.1.113883.4.642.40.54.48.5
symptom-severity = 2.16.840.1.113883.4.642.40.54.48.6
continence-level = 2.16.840.1.113883.4.642.40.54.48.7
well-poor-scale = 2.16.840.1.113883.4.642.40.54.48.8
pain-scale = 2.16.840.1.113883.4.642.40.54.48.9
FluidDrainVS = 2.16.840.1.113883.4.642.40.54.48.10
YesNoVS = 2.16.840.1.113883.4.642.40.54.48.11

[StructureDefinition]
holter-diagnostic-report = 2.16.840.1.113883.4.642.40.54.42.1
holter-observation = 2.16.840.1.113883.4.642.40.54.42.2
drain-fluid-observation = 2.16.840.1.113883.4.642.40.54.42.3
bladder-continence-observation = 2.16.840.1.113883.4.642.40.54.42.4
appetite-observation = 2.16.840.1.113883.4.642.40.54.42.5
surgical-wound-pain-observation = 2.16.840.1.113883.4.642.40.54.42.6
nausea-observation = 2.16.840.1.113883.4.642.40.54.42.7
bristol-stool-scale-observation = 2.16.840.1.113883.4.642.40.54.42.8
painkiller-usage-observation = 2.16.840.1.113883.4.642.40.54.42.9
stool-observation = 2.16.840.1.113883.4.642.40.54.42.10
wexner-ccis-score-observation = 2.16.840.1.113883.4.642.40.54.42.11
clinical-note-observation = 2.16.840.1.113883.4.642.40.54.42.12

